20000073
20000408
20000682
20000426
20000148
20000507
20000504
20000669
20000288
20000047
20000496
20000296
20000319
20000050
20000500
20000076
20000222
20000546
20000159
20000484
20000152
20000006
20000144
20000055
20000685
20000377
20000468
20000523
20000576
20000027
20000180
20000681
20000023
20000049
20000332
20000606
20000094
20000330
20000903
20000040
20000432
20000084
20000048
20000495
20000213
20000095
20000547
20000246
20000093
20000026
20000448
20000477
20000340
20000539
20000257
20000521
20000032
20000190
20000543
20000534
20000003
20000373
20000499
20000289
20000294
20000172
20000695
20000693
20000065
20000615
20000443
20000098
20000362
20000620
20000397
20000018
20000487
20000545
20000586
20000548
20000634
20000071
20000024
20000315
20000535
20000205
20000407
20000692
20000579
20000072
20000449
20000902
20000609
20000585
20000456
20000312
20000225
20000510
20000121
20000170