20000483
20000424
20000307
20000492
20000621
20000089
20000372
20000129
20000529
20000235
20000005
20000403
20000179
20000574
20000233
20000263
20000364
20000140
20000249
20000678
20000042
20000304
20000616
20000450
20000626
20000325
20000640
20000435
20000625
20000686
20000653
20000359
20000360
20000367
20000199
20000239
20000320
20000171
20000328
20000476
20000675
20000517
20000601
20000011
20000503
20000154
20000542
20000688
20000195
20000120
20000010
20000560
20000472
20000486
20000648
20000344
20000632
20000256
20000101
20000108
20000649
20000618
20000561
20000173
20000337
20000269
20000031
20000684
20000007
20000633
20000600
20000136
20000285
20000273
20000398
20000305
20000662
20000617
20000067
20000671
20000406
20000060
20000514
20000167
20000611
20000345
20000356
20000280
20000216
20000395
20000351
20000245
20000664
20000252
20000436
20000105
20000310
20000658
20000268
20000004
20000341
20000066
20000153
20000015
20000612
20000009
20000577
20000520
20000598
20000077
20000488
20000473
20000376
20000518
20000446
20000463
20000409
20000431
20000276
20000197
20000569
20000525
20000057
20000013
20000370
20000254
20000157
20000589
20000423
20000022
20000333
20000680
20000624
20000434
20000540
20000308
20000481
20000311
20000324
20000242
20000480
20000482
20000381
20000054
20000192
20000595
20000387
20000160
20000451
20000657
20000201
20000904
20000454
20000142
20000303
20000187
20000596
20000297
20000037
20000391
20000137
20000051
20000430
20000663
20000116
20000687
20000207
20000665
20000343
20000014
20000166
20000591
20000497
20000429
20000672
20000506
20000215
20000389
20000554
20000012
20000058
20000112
20000338
20000081
20000188
20000260
20000271
20000588
20000524
20000161
20000075
20000541
20000151
20000039
20000255
20000388
20000309
20000549
20000080
20000184
20000196
20000571
20000363
20000229
20000224
20000008
20000041
20000674
20000392
20000901
20000467
20000092
20000453
20000465
20000570
20000421
20000440
20000036
20000321
20000667
20000123
20000267
20000513
20000607
20000594
20000419
20000020
20000074
20000113
20000565
20000508
20000900
20000605
20000251
20000386
20000178
20000470
20000331
20000146
20000349
20000380
20000334
20000572
20000038
20000118
20000361
20000021
20000515
20000114
20000668